camera_matrix:
- - 224.2121995372082
  - 0.0
  - 224.90223702805685
- - 0.0
  - 230.8456468336487
  - 190.3574468350796
- - 0.0
  - 0.0
  - 1.0
dist_coeff:
- - -0.6779390254053367
  - 0.5779026290999149
  - -0.056639683168906926
  - 0.012694320438500046
  - -0.16311021897178607
