camera_matrix:
- - 1074.4836411064782
  - 0.0
  - 934.142462616438
- - 0.0
  - 1069.2850608442209
  - 492.71509255433847
- - 0.0
  - 0.0
  - 1.0
dist_coeff:
- - 0.1641931951105014
  - -0.7937802569526623
  - -0.01970636034087885
  - 0.002095446012401154
  - 0.9932870879349068
